grogu@localhost:~/project/4_course/modeling/lab5$ python3 main2.py 
============================================================
ЛАБОРАТОРНАЯ РАБОТА: РАНДОМИЗИРОВАННАЯ ЦЕПЬ МАРКОВА
============================================================

1. ГЕНЕРАЦИЯ ДВУСТОХАСТИЧЕСКИХ МАТРИЦ
----------------------------------------
Генерируем матрицу 1...
Генерируем матрицу 2...

Матрица 1 (полностью):
[[0.072 0.16  0.137 0.093 0.03  0.025 0.015 0.164 0.125 0.179]
 [0.005 0.214 0.205 0.043 0.046 0.038 0.103 0.13  0.118 0.098]
 [0.158 0.031 0.073 0.076 0.117 0.165 0.069 0.13  0.165 0.016]
 [0.121 0.03  0.013 0.152 0.191 0.131 0.081 0.019 0.147 0.115]
 [0.031 0.112 0.009 0.188 0.066 0.139 0.108 0.132 0.153 0.062]
 [0.179 0.125 0.169 0.133 0.11  0.139 0.022 0.036 0.009 0.078]
 [0.081 0.049 0.168 0.06  0.058 0.092 0.039 0.164 0.017 0.272]
 [0.17  0.038 0.001 0.144 0.154 0.131 0.227 0.016 0.085 0.034]
 [0.156 0.098 0.058 0.009 0.056 0.048 0.176 0.113 0.173 0.113]
 [0.027 0.143 0.167 0.102 0.172 0.092 0.16  0.096 0.008 0.033]]

Матрица 2 (полностью):
[[0.007 0.188 0.073 0.13  0.202 0.075 0.078 0.155 0.071 0.021]
 [0.043 0.031 0.14  0.134 0.091 0.17  0.098 0.025 0.179 0.089]
 [0.155 0.221 0.062 0.024 0.042 0.107 0.129 0.148 0.002 0.11 ]
 [0.081 0.055 0.024 0.073 0.177 0.082 0.083 0.122 0.095 0.208]
 [0.254 0.086 0.133 0.089 0.073 0.013 0.133 0.119 0.018 0.082]
 [0.164 0.056 0.027 0.098 0.172 0.057 0.1   0.123 0.058 0.145]
 [0.077 0.171 0.135 0.126 0.018 0.23  0.056 0.035 0.012 0.14 ]
 [0.145 0.005 0.112 0.054 0.134 0.049 0.122 0.074 0.271 0.034]
 [0.06  0.026 0.165 0.173 0.044 0.152 0.119 0.087 0.126 0.048]
 [0.014 0.161 0.129 0.099 0.047 0.065 0.082 0.112 0.168 0.123]]

2. ПРОВЕРКА ДВУСТОХАСТИЧНОСТИ
----------------------------------------

Проверка матрицы 1:
Суммы по строкам: [1. 1. 1. 1. 1. 1. 1. 1. 1. 1.]
Суммы по столбцам: [1. 1. 1. 1. 1. 1. 1. 1. 1. 1.]
Матрица 1 двустохастическая: True

Проверка матрицы 2:
Суммы по строкам: [1. 1. 1. 1. 1. 1. 1. 1. 1. 1.]
Суммы по столбцам: [1. 1. 1. 1. 1. 1. 1. 1. 1. 1.]
Матрица 2 двустохастическая: True

3-4. МОДЕЛИРОВАНИЕ ЦЕПЕЙ МАРКОВА
----------------------------------------
Начальное состояние: 7
Моделируем цепь 1 на 100 шагов...
Моделируем цепь 2 на 100 шагов...
Траектория цепи 1: [7 6 9 6 7 5 2 8 9 2 3 4 5 9 2 0 5 0 2 7 6 3 5 3 5 1 6 9 4 8 6 3 6 7 6 2 5
 3 8 0 9 4 3 8 8 9 2 5 3 9 1 2 2 3 4 4 4 8 9 1 1 7 4 3 3 4 8 0 8 6 2 4 3 5
 0 0 7 1 1 2 0 9 1 6 5 4 3 2 8 8 8 1 1 2 5 2 8 2 8 6]
Траектория цепи 2: [7 8 2 2 6 1 2 9 8 0 4 2 7 2 1 2 2 6 0 8 4 0 1 2 9 7 6 5 4 6 0 4 0 1 3 1 2
 1 9 2 0 7 8 3 5 6 0 8 8 3 0 8 5 5 7 6 9 9 8 6 6 5 5 0 7 8 6 7 7 2 1 3 4 0
 5 3 7 4 6 2 1 5 7 4 9 1 4 9 6 3 6 5 7 0 2 5 9 6 1 6]

5. АНАЛИЗ ЧАСТОТ ПЕРЕХОДОВ
----------------------------------------
Частоты переходов для цепи 1:
[[0.143 0.    0.143 0.    0.    0.143 0.    0.143 0.143 0.286]
 [0.    0.333 0.333 0.    0.    0.    0.222 0.111 0.    0.   ]
 [0.143 0.    0.071 0.143 0.071 0.214 0.    0.071 0.286 0.   ]
 [0.    0.    0.083 0.083 0.25  0.25  0.083 0.    0.167 0.083]
 [0.    0.    0.    0.4   0.2   0.1   0.    0.    0.3   0.   ]
 [0.2   0.1   0.2   0.3   0.1   0.    0.    0.    0.    0.1  ]
 [0.    0.    0.222 0.222 0.    0.111 0.    0.222 0.    0.222]
 [0.    0.167 0.    0.    0.167 0.167 0.5   0.    0.    0.   ]
 [0.154 0.077 0.077 0.    0.    0.    0.231 0.    0.231 0.231]
 [0.    0.333 0.333 0.    0.222 0.    0.111 0.    0.    0.   ]]

Частоты переходов для цепи 2:
[[0.    0.182 0.091 0.    0.182 0.091 0.    0.182 0.273 0.   ]
 [0.    0.    0.4   0.2   0.1   0.1   0.1   0.    0.    0.1  ]
 [0.077 0.308 0.154 0.    0.    0.077 0.154 0.077 0.    0.154]
 [0.167 0.167 0.    0.    0.167 0.167 0.167 0.167 0.    0.   ]
 [0.375 0.    0.125 0.    0.    0.    0.25  0.    0.    0.25 ]
 [0.1   0.    0.    0.1   0.1   0.2   0.1   0.3   0.    0.1  ]
 [0.231 0.154 0.077 0.077 0.    0.231 0.077 0.077 0.    0.077]
 [0.091 0.    0.182 0.    0.182 0.    0.182 0.091 0.273 0.   ]
 [0.111 0.    0.111 0.222 0.111 0.111 0.222 0.    0.111 0.   ]
 [0.    0.125 0.125 0.    0.    0.    0.25  0.125 0.25  0.125]]

6. СРАВНЕНИЕ ПОВЕДЕНИЯ ЦЕПЕЙ
----------------------------------------
Цепь 1 - Среднее состояние: 4.500, Дисперсия: 7.730
Цепь 2 - Среднее состояние: 4.410, Дисперсия: 8.162
Теоретическое среднее: 4.500, Теоретическая дисперсия: 8.250

7. АВТОКОРРЕЛЯЦИОННЫЙ АНАЛИЗ
----------------------------------------
Автокорреляция с лагом 1 - Цепь 1: -0.0598, Цепь 2: 0.0756
Автокорреляция с лагом 2 - Цепь 1: 0.0013, Цепь 2: -0.0859
Автокорреляция с лагом 3 - Цепь 1: 0.0070, Цепь 2: 0.0899
Автокорреляция с лагом 5 - Цепь 1: 0.1079, Цепь 2: -0.0242

============================================================
ВЫВОДЫ
============================================================

1. Двустохастические матрицы успешно сгенерированы и проверены.
   Обе матрицы удовлетворяют условиям: суммы по строкам и столбцам равны 1.

2. Моделирование цепей Маркова показало:
   - Цепь 1 посетила 10 различных состояний
   - Цепь 2 посетила 10 различных состояний

3. Анализ частот переходов:
   - Среднее абсолютное отклонение для цепи 1: 0.0665
   - Среднее абсолютное отклонение для цепи 2: 0.0589

4. Автокорреляционный анализ:
   - Для цепи 2 автокорреляция затухает быстрее

5. Общий вывод:
   Обе цепи Маркова демонстрируют ожидаемое поведение для двустохастических матриц.
   Графики сохранены в двух вариантах: оригинальные (линейные) и ступенчатые.

============================================================
Все рисунки сохранены в директории 'figures2/'
============================================================

Сохраненные файлы:
  - figures2/distribution1.png
  - figures2/distribution2.png
  - figures2/figure6_behavior_comparison_stepped.png
  - figures2/figure6_behavior_detailed.png
  - figures2/figure6_behavior_original.png
  - figures2/figure6_behavior_stepped.png
  - figures2/figure7_autocorrelation_comparison.png
  - figures2/figure7_autocorrelation_comparison_stepped.png
  - figures2/figure7_autocorrelation_original.png
  - figures2/freq_comparison1.png
  - figures2/freq_comparison2.png
  - figures2/matrix1_heatmap.png
  - figures2/matrix2_heatmap.png
  - figures2/trajectory1_original.png
  - figures2/trajectory1_stepped.png
  - figures2/trajectory2_original.png
  - figures2/trajectory2_stepped.png